[array([0.082507, 1.539519]), array([0.705607, 1.48793 ]), array([0.965995, 0.517677, 0.402788]), array([0.414086, 0.477129, 0.465693, 0.474096]), array([0.119879, 0.498557, 0.477944, 0.494719]), array([0.021735, 0.56257 , 0.467217, 0.534433, 0.423745]), array([0.057896, 0.395803, 0.389609, 0.512819, 0.467201, 0.484704]), array([0.009077, 0.47215 , 0.51597 , 0.430449, 0.468951, 0.460126,
       0.579196, 0.50672 ])]
[array([0.684233, 0.704244]), array([0.773571, 0.963916]), array([1.      , 0.536593, 0.577996]), array([0.439249, 0.414994, 0.384687, 0.397917]), array([0.299008, 0.968298, 1.      , 1.      ]), array([0.409636, 0.29921 , 0.50969 , 0.814058, 0.072074]), array([0.016201, 0.437721, 0.301359, 0.217887, 0.38836 , 0.697756]), array([0.      , 0.179297, 0.      , 0.071406, 0.92927 , 0.459981,
       0.      , 0.541212])]
[array([0.901038, 0.877039]), array([1., 1.]), array([0.445674, 0.0675  , 0.478844]), array([0.433865, 0.401407, 0.30516 , 0.392809]), array([0.803046, 0.945451, 0.997548, 0.97627 ]), array([0.211471, 0.06109 , 0.455131, 0.90552 , 0.00403 ]), array([0.      , 0.42648 , 0.305686, 0.17214 , 0.35789 , 0.637217]), array([0.012005, 0.365808, 0.002051, 0.165458, 0.44785 , 0.535087,
       0.152929, 0.745216])]
[array([0.688418, 0.724106]), array([0.780933, 0.991508]), array([0.994895, 0.923048, 0.002025]), array([0.416942, 0.375701, 0.349851, 0.307692]), array([0.354704, 0.918228, 0.996554, 0.945368]), array([0.389668, 0.198001, 0.587627, 0.826307, 0.04887 ]), array([0.100466, 0.554392, 0.327801, 0.220568, 0.466257, 0.666497]), array([0.069272, 0.717004, 0.001256, 0.001021, 0.132919, 0.479931,
       0.048004, 0.722152])]
[array([0.532262, 0.630556]), array([0.710068, 0.16163 ]), array([0.150302, 0.441598, 0.335337]), array([0.366042, 0.526311, 0.394814, 0.304991]), array([0.453054, 0.671589, 0.303677, 0.791159]), array([0.016528, 0.022409, 0.044229, 0.800454, 0.456903]), array([0.272645, 0.675097, 0.454191, 0.545978, 0.234628, 0.549596]), array([0.124245, 0.707381, 0.198569, 0.790421, 0.197258, 0.733195,
       0.378511, 0.886089])]
[array([0.073922, 0.407137]), array([0.700809, 0.126122]), array([0.998126, 0.621218, 0.45308 ]), array([0.40988 , 0.4383  , 0.455827, 0.349885]), array([0.780996, 1.      , 1.      , 1.      ]), array([0.427085, 0.325768, 0.598116, 0.780155, 0.143939]), array([0.055152, 0.406993, 0.341295, 0.241517, 0.375251, 0.684958]), array([0.      , 0.387061, 0.068459, 0.146466, 0.368072, 0.66282 ,
       0.291841, 0.727685])]
[array([0.582827, 0.482269]), array([0.688952, 0.168811]), array([1.      , 0.571651, 0.503999]), array([0.451762, 0.438642, 0.400163, 0.395091]), array([0.937682, 1.      , 1.      , 1.      ]), array([0.49732 , 0.294798, 0.56308 , 0.684981, 0.129206]), array([0.078067, 0.385415, 0.381193, 0.26617 , 0.353901, 0.693102]), array([0.040422, 0.331667, 0.003668, 0.158463, 0.396893, 0.509806,
       0.16649 , 0.780552])]